[gd_scene load_steps=15 format=3 uid="uid://c1b6ke05vpb8r"]

[ext_resource type="Script" uid="uid://dsft6ocvh7yuk" path="res://demos/demo_scene.gd" id="1_1hm1i"]
[ext_resource type="Script" uid="uid://d1krtmb1urldl" path="res://addons/flow_nodes_editor/flow_node.gd" id="1_iapjp"]
[ext_resource type="Resource" uid="uid://doldqxmlcvh80" path="res://graph01.tres" id="3_ayuu8"]
[ext_resource type="Resource" uid="uid://c6tic21gyki1f" path="res://graph02_curves.tres" id="4_ctgmk"]
[ext_resource type="Script" uid="uid://j6vjeb5cjjoy" path="res://addons/flow_nodes_editor/flow_graph_resource.gd" id="6_4qc3i"]
[ext_resource type="Script" uid="uid://co0f3ugd2wj1y" path="res://addons/flow_nodes_editor/graph_input_parameter.gd" id="6_h7mfa"]
[ext_resource type="Script" uid="uid://cjfky1m4j3nl" path="res://scenes/tree_data.gd" id="6_om45m"]
[ext_resource type="PackedScene" uid="uid://b6q4l56g02tqn" path="res://scenes/scene_3p.tscn" id="7_yg6rb"]
[ext_resource type="Script" uid="uid://dbtbo3vh5nl2c" path="res://scenes/scene_3p.gd" id="11_dffkk"]

[sub_resource type="Resource" id="Resource_mssda"]
script = ExtResource("6_4qc3i")
data = {
"links": [{
"from_node": &"id_0038_transform",
"from_port": 0,
"keep_alive": false,
"to_node": &"id_0039_spawn_scenes",
"to_port": 0
}, {
"from_node": &"id_0037_grid",
"from_port": 0,
"keep_alive": false,
"to_node": &"id_0038_transform",
"to_port": 0
}],
"min_pos": Vector2(20, 180),
"nodes": [{
"args_port": {},
"name": &"id_0037_grid",
"position": Vector2(0, 20),
"settings": {
"debug_color": Color(1, 1, 1, 1),
"debug_enabled": false,
"debug_mode": 0,
"debug_modulate_by": "",
"debug_scale": 1.0,
"enabled": true,
"inspect_enabled": false,
"origin": Vector3(0, 0, 0),
"random_seed": 3740779835,
"rotation": Vector3(0, 0, 0),
"step": Vector3(2.235, 1.22, 1),
"title": "Grid",
"trace": false,
"x": 3,
"y": 1,
"z": 3
},
"show_disconnected_inputs": false,
"template": "grid"
}, {
"args_port": {
"In": {
"connected": true,
"port": 0
}
},
"name": &"id_0038_transform",
"position": Vector2(220, 0),
"settings": {
"debug_color": Color(1, 1, 1, 1),
"debug_enabled": false,
"debug_mode": 0,
"debug_modulate_by": "",
"debug_scale": 1.0,
"enabled": true,
"inspect_enabled": false,
"offset_max": Vector3(0, 0, 0),
"offset_min": Vector3(0, 0, 0),
"random_seed": 2631886296,
"rotation_max": Vector3(0, 360, 0),
"rotation_min": Vector3(0, 0, 0),
"scale_max": Vector3(1, 1, 1),
"scale_min": Vector3(1, 1, 1),
"title": "Transform",
"trace": false,
"uniform_scale": false
},
"show_disconnected_inputs": false,
"template": "transform"
}, {
"args_port": {
"In": {
"connected": true,
"port": 0
}
},
"name": &"id_0039_spawn_scenes",
"position": Vector2(480, 0),
"settings": {
"assign_attributes": {},
"debug_color": Color(1, 1, 1, 1),
"debug_enabled": false,
"debug_mode": 0,
"debug_modulate_by": "",
"debug_scale": 1.0,
"enabled": true,
"inspect_enabled": false,
"random_seed": 4115871725,
"scene": ExtResource("7_yg6rb"),
"scene_attribute": "",
"title": "Spawn Scenes",
"trace": false
},
"show_disconnected_inputs": false,
"template": "spawn_scenes"
}],
"type": "flow_graph_nodes",
"version": 1
}
view_zoom = 1.08836
view_offset = Vector2(-18.205, -184.319)
new_name_counter = 90
in_params = Array[ExtResource("6_h7mfa")]([])
metadata/_custom_type_script = "uid://j6vjeb5cjjoy"

[sub_resource type="Curve3D" id="Curve3D_ayuu8"]
closed = true
bake_interval = 0.94
_data = {
"points": PackedVector3Array(0, 0, 0, 0, 0, 0, -1.072, -0.055, -0.848, 0.0969775, 0.251062, -0.331849, -0.0969775, -0.251062, 0.331849, 0.20064, -0.0313487, 0.75344, 0.369206, -0.0504826, -0.0238729, -0.369206, 0.0504826, 0.0238729, -1.63264, -0.0485349, 1.67794, 0.26109, -0.0436706, 0.259869, -0.26109, 0.0436706, -0.259869, -2.64929, 0.195791, 1.27553, 0, 0, 0, 0, 0, 0, -2.53903, -0.0784302, -0.241544),
"tilts": PackedFloat32Array(0, 0, 0, 0, 0)
}
point_count = 5

[sub_resource type="PlaneMesh" id="PlaneMesh_ayuu8"]

[sub_resource type="ConcavePolygonShape3D" id="ConcavePolygonShape3D_ctgmk"]
data = PackedVector3Array(1, 0, 1, -1, 0, 1, 1, 0, -1, -1, 0, 1, -1, 0, -1, 1, 0, -1)

[sub_resource type="Curve3D" id="Curve3D_1hm1i"]
bake_interval = 0.94
_data = {
"points": PackedVector3Array(0, 0, 0, 0, 0, 0, 1.342, 0, 3.268, 1.112, 0, 0.213, -1.112, 0, -0.213, -0.708991, -0.0197018, 4.04708, 0, 0, 0, 0, 0, 0, -1.742, 0, 3.054),
"tilts": PackedFloat32Array(0, 0, 0)
}
point_count = 3

[node name="DemoScene" type="Node3D" node_paths=PackedStringArray("persons")]
script = ExtResource("1_1hm1i")
persons = [NodePath("Path3D_Planar/Node"), NodePath("Path3D_Planar/Node2"), NodePath("Path3D_Planar/Node3"), NodePath("Path3D_Planar/Node4")]

[node name="PCG_2" type="Node3D" parent="."]
transform = Transform3D(0.801128, 0, -0.598492, 0, 1, 0, 0.598492, 0, 0.801128, 0, 0, 0)
script = ExtResource("1_iapjp")
graph = ExtResource("3_ayuu8")
refresh_inputs = Callable()
metadata/_custom_type_script = "uid://d1krtmb1urldl"

[node name="PCG_3" type="Node3D" parent="."]
script = ExtResource("1_iapjp")
graph = ExtResource("4_ctgmk")
refresh_inputs = Callable()
metadata/_custom_type_script = "uid://d1krtmb1urldl"

[node name="PCG_4" type="Node3D" parent="."]
script = ExtResource("1_iapjp")
graph = SubResource("Resource_mssda")
refresh_inputs = Callable()
metadata/_custom_type_script = "uid://d1krtmb1urldl"

[node name="Path3D" type="Path3D" parent="PCG_4"]
curve = SubResource("Curve3D_ayuu8")

[node name="Scene_0000" type="Node3D" parent="PCG_4" instance=ExtResource("7_yg6rb")]
transform = Transform3D(-0.202695, 0, 0.979242, 0, 1, 0, -0.979242, 0, -0.202695, 0, 0, 0)
script = ExtResource("11_dffkk")
metadata/flow_owner = &"id_0108_spawn_scenes"

[node name="Scene_0001" type="Node3D" parent="PCG_4" instance=ExtResource("7_yg6rb")]
transform = Transform3D(-0.628816, 0, 0.777554, 0, 1, 0, -0.777554, 0, -0.628816, 2.235, 0, 0)
script = ExtResource("11_dffkk")
metadata/flow_owner = &"id_0108_spawn_scenes"

[node name="Scene_0002" type="Node3D" parent="PCG_4" instance=ExtResource("7_yg6rb")]
transform = Transform3D(-0.282614, 0, -0.959234, 0, 1, 0, 0.959234, 0, -0.282614, 4.47, 0, 0)
script = ExtResource("11_dffkk")
metadata/flow_owner = &"id_0108_spawn_scenes"

[node name="Scene_0003" type="Node3D" parent="PCG_4" instance=ExtResource("7_yg6rb")]
transform = Transform3D(-0.382643, 0, -0.923896, 0, 1, 0, 0.923896, 0, -0.382643, 0, 0, 1)
script = ExtResource("11_dffkk")
metadata/flow_owner = &"id_0108_spawn_scenes"

[node name="Scene_0004" type="Node3D" parent="PCG_4" instance=ExtResource("7_yg6rb")]
transform = Transform3D(0.748819, 0, -0.662774, 0, 1, 0, 0.662774, 0, 0.748819, 2.235, 0, 1)
script = ExtResource("11_dffkk")
metadata/flow_owner = &"id_0108_spawn_scenes"

[node name="Scene_0005" type="Node3D" parent="PCG_4" instance=ExtResource("7_yg6rb")]
transform = Transform3D(-0.752382, 0, -0.658728, 0, 1, 0, 0.658728, 0, -0.752382, 4.47, 0, 1)
script = ExtResource("11_dffkk")
metadata/flow_owner = &"id_0108_spawn_scenes"

[node name="Scene_0006" type="Node3D" parent="PCG_4" instance=ExtResource("7_yg6rb")]
transform = Transform3D(0.997146, 0, 0.0754969, 0, 1, 0, -0.0754969, 0, 0.997146, 0, 0, 2)
script = ExtResource("11_dffkk")
metadata/flow_owner = &"id_0108_spawn_scenes"

[node name="Scene_0007" type="Node3D" parent="PCG_4" instance=ExtResource("7_yg6rb")]
transform = Transform3D(0.87491, 0, -0.484285, 0, 1, 0, 0.484285, 0, 0.87491, 2.235, 0, 2)
script = ExtResource("11_dffkk")
metadata/flow_owner = &"id_0108_spawn_scenes"

[node name="Scene_0008" type="Node3D" parent="PCG_4" instance=ExtResource("7_yg6rb")]
transform = Transform3D(0.674192, 0, 0.738556, 0, 1, 0, -0.738556, 0, 0.674192, 4.47, 0, 2)
script = ExtResource("11_dffkk")
metadata/flow_owner = &"id_0108_spawn_scenes"

[node name="MeshInstance3D" type="MeshInstance3D" parent="."]
transform = Transform3D(3.28555, 0.0905085, -0.124378, -0.330954, 0.898526, -1.23476, 0, 0.429487, 2.60945, -0.685871, -1.56801, 0)
mesh = SubResource("PlaneMesh_ayuu8")

[node name="StaticBody3D" type="StaticBody3D" parent="MeshInstance3D"]

[node name="CollisionShape3D" type="CollisionShape3D" parent="MeshInstance3D/StaticBody3D"]
shape = SubResource("ConcavePolygonShape3D_ctgmk")

[node name="Path3D_Planar" type="Path3D" parent="."]
transform = Transform3D(1, 0, 0, 0, 1, 0, 0, 0, 1, -0.0536261, 9.53674e-07, -0.0246732)
curve = SubResource("Curve3D_1hm1i")

[node name="Node" type="Node" parent="Path3D_Planar"]
script = ExtResource("6_om45m")

[node name="Node2" type="Node" parent="Path3D_Planar"]
script = ExtResource("6_om45m")
weight = 2.0

[node name="Node3" type="Node" parent="Path3D_Planar"]
script = ExtResource("6_om45m")
weight = 3.0

[node name="Node4" type="Node" parent="Path3D_Planar"]
script = ExtResource("6_om45m")
weight = 4.0
