[gd_scene load_steps=25 format=3 uid="uid://c1b6ke05vpb8r"]

[ext_resource type="Script" uid="uid://dsft6ocvh7yuk" path="res://demo_scene.gd" id="1_1hm1i"]
[ext_resource type="Script" uid="uid://d1krtmb1urldl" path="res://addons/flow_nodes_editor/flow_node.gd" id="1_iapjp"]
[ext_resource type="Resource" uid="uid://66ejgwppld3l" path="res://graph00.tres" id="2_8n7uv"]
[ext_resource type="Resource" uid="uid://doldqxmlcvh80" path="res://graph01.tres" id="3_ayuu8"]
[ext_resource type="Resource" uid="uid://c6tic21gyki1f" path="res://graph02_curves.tres" id="4_ctgmk"]
[ext_resource type="Script" uid="uid://ctvo7a7lud8bn" path="res://addons/flow_nodes_editor/graph_input_parameters.gd" id="6_1hljp"]
[ext_resource type="Script" uid="uid://j6vjeb5cjjoy" path="res://addons/flow_nodes_editor/flow_graph_resource.gd" id="6_4qc3i"]
[ext_resource type="Script" uid="uid://co0f3ugd2wj1y" path="res://addons/flow_nodes_editor/graph_input_parameter.gd" id="6_h7mfa"]
[ext_resource type="Script" uid="uid://dwtm2hr5nh78h" path="res://addons/flow_nodes_editor/nodes/grid_settings.gd" id="6_mssda"]
[ext_resource type="Script" uid="uid://cjfky1m4j3nl" path="res://tree_data.gd" id="6_om45m"]
[ext_resource type="PackedScene" uid="uid://b6q4l56g02tqn" path="res://scenes/scene_3p.tscn" id="7_yg6rb"]
[ext_resource type="Script" uid="uid://dqd74l1ewnh0g" path="res://addons/flow_nodes_editor/nodes/spawn_scenes_settings.gd" id="8_6qj3o"]
[ext_resource type="Script" uid="uid://dt7o3moxddt4h" path="res://addons/flow_nodes_editor/nodes/transform_settings.gd" id="9_6qj3o"]

[sub_resource type="Curve3D" id="Curve3D_ayuu8"]
closed = true
bake_interval = 0.31
_data = {
"points": PackedVector3Array(0, 0, 0, 0, 0, 0, -1.072, -0.055, -0.848, 0.0969775, 0.251062, -0.331849, -0.0969775, -0.251062, 0.331849, 0.20064, -0.0313487, 0.75344, 0.369206, -0.0504826, -0.0238729, -0.369206, 0.0504826, 0.0238729, -1.63264, -0.0485349, 1.67794, 0.26109, -0.0436706, 0.259869, -0.26109, 0.0436706, -0.259869, -2.64929, 0.195791, 1.27553, 0, 0, 0, 0, 0, 0, -2.53903, -0.0784302, -0.241544),
"tilts": PackedFloat32Array(0, 0, 0, 0, 0)
}
point_count = 5

[sub_resource type="Resource" id="Resource_ragla"]
script = ExtResource("6_h7mfa")
name = "step"
data_type = 1
cte_bool = false
cte_float = 1.86
cte_vector = Vector3(0, 0, 0)
cte_string = ""
metadata/_custom_type_script = "uid://co0f3ugd2wj1y"

[sub_resource type="Resource" id="Resource_h7mfa"]
script = ExtResource("6_h7mfa")
name = "angle"
data_type = 0
cte_bool = false
cte_float = 30.0
cte_vector = Vector3(0, 0, 0)
cte_string = ""
metadata/_custom_type_script = "uid://co0f3ugd2wj1y"

[sub_resource type="Resource" id="Resource_qmojn"]
script = ExtResource("6_1hljp")
inputs = Array[ExtResource("6_h7mfa")]([SubResource("Resource_ragla"), SubResource("Resource_h7mfa")])
metadata/_custom_type_script = "uid://ctvo7a7lud8bn"

[sub_resource type="Resource" id="Resource_sxiuf"]
resource_name = "Grid Settings"
script = ExtResource("6_mssda")
x = 4
y = 1
z = 4
step = Vector3(1, 1, 1)
random_seed = 102748684
inspect_enabled = false
debug_enabled = false
debug_mode = 0
debug_scale = 1.0
title = "Grid"
enabled = true

[sub_resource type="Resource" id="Resource_6qj3o"]
resource_name = "Transform Settings"
script = ExtResource("9_6qj3o")
offset_min = Vector3(0, 0, 0)
offset_max = Vector3(0, 0, 0)
rotation_min = Vector3(0, 0, 0)
rotation_max = Vector3(0, 360, 0)
scale_min = Vector3(1, 1, 1)
scale_max = Vector3(1, 1, 1)
uniform_scale = false
random_seed = 2631886296
inspect_enabled = false
debug_enabled = false
debug_mode = 0
debug_scale = 1.0
title = "Transform"
enabled = true

[sub_resource type="Resource" id="Resource_1hljp"]
resource_name = "Spawn Scenes Settings"
script = ExtResource("8_6qj3o")
scene = ExtResource("7_yg6rb")
scene_attribute = ""
random_seed = 4115871725
inspect_enabled = false
debug_enabled = false
debug_mode = 0
debug_scale = 1.0
title = "Spawn Scenes"
enabled = true

[sub_resource type="Resource" id="Resource_mssda"]
script = ExtResource("6_4qc3i")
nodes = Array[Dictionary]([{
"name": &"id_0013_grid",
"position_offset": Vector2(20, 180),
"settings": SubResource("Resource_sxiuf"),
"template": "grid"
}, {
"name": &"id_0015_transform",
"position_offset": Vector2(160, 180),
"settings": SubResource("Resource_6qj3o"),
"template": "transform"
}, {
"name": &"id_0016_spawn_scenes",
"position_offset": Vector2(380, 180),
"settings": SubResource("Resource_1hljp"),
"template": "spawn_scenes"
}])
conns = Array[Dictionary]([{
"from_node": &"id_0013_grid",
"from_port": 0,
"keep_alive": false,
"to_node": &"id_0015_transform",
"to_port": 0
}, {
"from_node": &"id_0015_transform",
"from_port": 0,
"keep_alive": false,
"to_node": &"id_0016_spawn_scenes",
"to_port": 0
}])
view_zoom = 1.0
view_offset = Vector2(0, -1.92)
new_name_counter = 24
inputs = SubResource("Resource_qmojn")
metadata/_custom_type_script = "uid://j6vjeb5cjjoy"

[sub_resource type="PlaneMesh" id="PlaneMesh_ayuu8"]

[sub_resource type="ConcavePolygonShape3D" id="ConcavePolygonShape3D_ctgmk"]
data = PackedVector3Array(1, 0, 1, -1, 0, 1, 1, 0, -1, -1, 0, 1, -1, 0, -1, 1, 0, -1)

[sub_resource type="Curve3D" id="Curve3D_1hm1i"]
bake_interval = 0.31
_data = {
"points": PackedVector3Array(0, 0, 0, 0, 0, 0, 1.342, 0, 3.268, 1.112, 0, 0.213, -1.112, 0, -0.213, -0.708991, -0.0197018, 4.04708, 0, 0, 0, 0, 0, 0, -1.742, 0, 3.054),
"tilts": PackedFloat32Array(0, 0, 0)
}
point_count = 3

[node name="DemoScene" type="Node3D" node_paths=PackedStringArray("persons")]
script = ExtResource("1_1hm1i")
persons = [NodePath("Path3D_Planar/Node"), NodePath("Path3D_Planar/Node2"), NodePath("Path3D_Planar/Node3"), NodePath("Path3D_Planar/Node4")]

[node name="PCG_1" type="Node3D" parent="."]
transform = Transform3D(1, 0.000810264, -0.000322812, -0.00081008, 1, 0.000579686, 0.000323271, -0.00057943, 1, 0, 0, 0)
script = ExtResource("1_iapjp")
graph = ExtResource("2_8n7uv")
metadata/_custom_type_script = "uid://d1krtmb1urldl"

[node name="PCG_2" type="Node3D" parent="."]
transform = Transform3D(0.801128, 0, -0.598492, 0, 1, 0, 0.598492, 0, 0.801128, 0, 0, 0)
script = ExtResource("1_iapjp")
graph = ExtResource("3_ayuu8")
metadata/_custom_type_script = "uid://d1krtmb1urldl"

[node name="PCG_3" type="Node3D" parent="."]
script = ExtResource("1_iapjp")
graph = ExtResource("4_ctgmk")
metadata/_custom_type_script = "uid://d1krtmb1urldl"

[node name="Path3D" type="Path3D" parent="."]
curve = SubResource("Curve3D_ayuu8")

[node name="PCG_4" type="Node3D" parent="."]
script = ExtResource("1_iapjp")
graph = SubResource("Resource_mssda")
metadata/_custom_type_script = "uid://d1krtmb1urldl"

[node name="Scene_0000" type="Node3D" parent="PCG_4" instance=ExtResource("7_yg6rb")]
transform = Transform3D(-0.202695, 0, 0.979242, 0, 1, 0, -0.979242, 0, -0.202695, 0, 0, 0)
metadata/flow_owner = &"id_0016_spawn_scenes"

[node name="Scene_0001" type="Node3D" parent="PCG_4" instance=ExtResource("7_yg6rb")]
transform = Transform3D(-0.628816, 0, 0.777554, 0, 1, 0, -0.777554, 0, -0.628816, 1, 0, 0)
metadata/flow_owner = &"id_0016_spawn_scenes"

[node name="Scene_0002" type="Node3D" parent="PCG_4" instance=ExtResource("7_yg6rb")]
transform = Transform3D(-0.282614, 0, -0.959234, 0, 1, 0, 0.959234, 0, -0.282614, 2, 0, 0)
metadata/flow_owner = &"id_0016_spawn_scenes"

[node name="Scene_0003" type="Node3D" parent="PCG_4" instance=ExtResource("7_yg6rb")]
transform = Transform3D(-0.382643, 0, -0.923896, 0, 1, 0, 0.923896, 0, -0.382643, 3, 0, 0)
metadata/flow_owner = &"id_0016_spawn_scenes"

[node name="Scene_0004" type="Node3D" parent="PCG_4" instance=ExtResource("7_yg6rb")]
transform = Transform3D(0.748819, 0, -0.662774, 0, 1, 0, 0.662774, 0, 0.748819, 0, 0, 1)
metadata/flow_owner = &"id_0016_spawn_scenes"

[node name="Scene_0005" type="Node3D" parent="PCG_4" instance=ExtResource("7_yg6rb")]
transform = Transform3D(-0.752382, 0, -0.658728, 0, 1, 0, 0.658728, 0, -0.752382, 1, 0, 1)
metadata/flow_owner = &"id_0016_spawn_scenes"

[node name="Scene_0006" type="Node3D" parent="PCG_4" instance=ExtResource("7_yg6rb")]
transform = Transform3D(0.997146, 0, 0.0754969, 0, 1, 0, -0.0754969, 0, 0.997146, 2, 0, 1)
metadata/flow_owner = &"id_0016_spawn_scenes"

[node name="Scene_0007" type="Node3D" parent="PCG_4" instance=ExtResource("7_yg6rb")]
transform = Transform3D(0.87491, 0, -0.484285, 0, 1, 0, 0.484285, 0, 0.87491, 3, 0, 1)
metadata/flow_owner = &"id_0016_spawn_scenes"

[node name="Scene_0008" type="Node3D" parent="PCG_4" instance=ExtResource("7_yg6rb")]
transform = Transform3D(0.674192, 0, 0.738556, 0, 1, 0, -0.738556, 0, 0.674192, 0, 0, 2)
metadata/flow_owner = &"id_0016_spawn_scenes"

[node name="Scene_0009" type="Node3D" parent="PCG_4" instance=ExtResource("7_yg6rb")]
transform = Transform3D(-0.580683, 0, 0.81413, 0, 1, 0, -0.81413, 0, -0.580683, 1, 0, 2)
metadata/flow_owner = &"id_0016_spawn_scenes"

[node name="Scene_0010" type="Node3D" parent="PCG_4" instance=ExtResource("7_yg6rb")]
transform = Transform3D(0.600973, 0, 0.799269, 0, 1, 0, -0.799269, 0, 0.600973, 2, 0, 2)
metadata/flow_owner = &"id_0016_spawn_scenes"

[node name="Scene_0011" type="Node3D" parent="PCG_4" instance=ExtResource("7_yg6rb")]
transform = Transform3D(0.502327, 0, -0.864678, 0, 1, 0, 0.864678, 0, 0.502327, 3, 0, 2)
metadata/flow_owner = &"id_0016_spawn_scenes"

[node name="Scene_0012" type="Node3D" parent="PCG_4" instance=ExtResource("7_yg6rb")]
transform = Transform3D(-0.227381, 0, -0.973806, 0, 1, 0, 0.973806, 0, -0.227381, 0, 0, 3)
metadata/flow_owner = &"id_0016_spawn_scenes"

[node name="Scene_0013" type="Node3D" parent="PCG_4" instance=ExtResource("7_yg6rb")]
transform = Transform3D(0.755145, 0, 0.655558, 0, 1, 0, -0.655558, 0, 0.755145, 1, 0, 3)
metadata/flow_owner = &"id_0016_spawn_scenes"

[node name="Scene_0014" type="Node3D" parent="PCG_4" instance=ExtResource("7_yg6rb")]
transform = Transform3D(-0.958412, 0, 0.285387, 0, 1, 0, -0.285387, 0, -0.958412, 2, 0, 3)
metadata/flow_owner = &"id_0016_spawn_scenes"

[node name="Scene_0015" type="Node3D" parent="PCG_4" instance=ExtResource("7_yg6rb")]
transform = Transform3D(0.229546, 0, -0.973298, 0, 1, 0, 0.973298, 0, 0.229546, 3, 0, 3)
metadata/flow_owner = &"id_0016_spawn_scenes"

[node name="MeshInstance3D" type="MeshInstance3D" parent="."]
transform = Transform3D(3.28555, 0.0905085, -0.124378, -0.330954, 0.898526, -1.23476, 0, 0.429487, 2.60945, -0.685871, -1.56801, 0)
mesh = SubResource("PlaneMesh_ayuu8")

[node name="StaticBody3D" type="StaticBody3D" parent="MeshInstance3D"]

[node name="CollisionShape3D" type="CollisionShape3D" parent="MeshInstance3D/StaticBody3D"]
shape = SubResource("ConcavePolygonShape3D_ctgmk")

[node name="Path3D_Planar" type="Path3D" parent="."]
transform = Transform3D(1, 0, 0, 0, 1, 0, 0, 0, 1, -0.0536261, 9.53674e-07, -0.0246732)
curve = SubResource("Curve3D_1hm1i")

[node name="Node" type="Node" parent="Path3D_Planar"]
script = ExtResource("6_om45m")

[node name="Node2" type="Node" parent="Path3D_Planar"]
script = ExtResource("6_om45m")
weight = 2.0

[node name="Node3" type="Node" parent="Path3D_Planar"]
script = ExtResource("6_om45m")
weight = 3.0

[node name="Node4" type="Node" parent="Path3D_Planar"]
script = ExtResource("6_om45m")
weight = 4.0
